,0
0,0.016779700757141063
1,0.7297965641363533
2,0.9573771245312317
3,0.9564572997300785
4,0.9564324594971118
5,0.9564471706362154
6,0.9566717124529047
7,0.9564840713320034
8,0.9563322364878358
9,0.9563061705914294
10,0.9563336247617986
11,0.9569401638448588
12,0.9567020986832899
13,0.9562193875862256
14,0.9561888758116732
15,0.9560374428238271
16,0.9526747844785506
17,0.95239037047565
18,0.9559016335335557
19,0.9560551124787313
20,0.9559909199407102
21,0.9542025686986263
22,0.9530528358971533
23,0.9556091274755093
24,0.9558119152698625
25,0.9557497242024681
26,0.9569773509914293
27,0.9584771703968115
28,0.9559010137480565
29,0.955453513610388
30,0.9553851205472461
31,0.9547492829708236
32,0.9536576312352596
33,0.95489282353429
34,0.9550889422222942
35,0.9550052387104818
36,0.9549409104815766
37,0.9549100142815888
38,0.9547602076458127
39,0.9546515519813528
40,0.9545591789876616
41,0.9544598957033584
42,0.9543443720196982
43,0.9542647789145817
44,0.9541731177186489
45,0.9540722362350378
46,0.9539901500959865
47,0.9539926972747242
48,0.9538092226063731
49,0.9536542405874955
50,0.9535458917669299
51,0.9536148588286412
52,0.954791392115157
53,0.9539426518939986
54,0.9531454945383271
55,0.9530540329436948
56,0.9528440255872728
57,0.9515229371016122
58,0.9519369937598259
59,0.9526490579890684
60,0.9525351911111569
61,0.9524345018314195
62,0.9527331832746766
63,0.9524656364511288
64,0.9519756151792391
65,0.9518143075562946
66,0.9517874093845934
67,0.9535043883746984
68,0.952903580221493
69,0.9512793113194509
70,0.9511334562438718
71,0.9509714741575522
72,0.9500646349277079
73,0.9501664440842293
74,0.9506843228095049
75,0.950580816440593
76,0.9504744340954774
77,0.950514708145435
78,0.9503599810371748
79,0.9501311525480783
80,0.9500243386377488
81,0.9499317166920089
82,0.9499424906958757
83,0.9498177005779332
84,0.9496457311489293
85,0.9495584128407949
86,0.9494844016159983
87,0.9495097576569532
88,0.9494037839879581
89,0.9492556765521217
90,0.9491879266051956
91,0.9492084444508719
92,0.9501596541582298
93,0.9497991538125011
94,0.9490401542624177
95,0.949017515556703
96,0.9489219616592017
97,0.9478423047215601
98,0.9481839308215524
99,0.9489325278316826
100,0.9489055924167666
101,0.948786927076711
102,0.9479724842725784
103,0.9482109637095507
104,0.9486524841063865
105,0.948570175792199
106,0.9486044705514629
107,0.9495281957741301
108,0.9488902614401308
109,0.9482315172999167
110,0.9481619153840789
111,0.9480044262997019
112,0.9474237523950361
113,0.9477124681995912
114,0.947871957284075
115,0.9477874471920448
116,0.9477266698109411
117,0.9477394164951785
118,0.9475682726415995
119,0.9474460428609418
120,0.9473616770248133
121,0.9472995141990146
122,0.9472763266179719
123,0.9471287592163358
124,0.9470260371949475
125,0.9469422808222041
126,0.9469242684635953
127,0.9469627478042696
128,0.946727862738919
129,0.9466156122957053
130,0.9465369981455267
131,0.9466614309259317
132,0.9468277005984285
133,0.9463736326637685
134,0.9462506180052357
135,0.9461879412534246
136,0.9463113562509954
137,0.9463810145896625
138,0.9460340848278312
139,0.9459490174033768
140,0.9459044111788725
141,0.9462023693959353
142,0.946250352676016
143,0.945788296988225
144,0.9457248692674471
145,0.9456930449366393
146,0.9457123344442764
147,0.9456701454368639
148,0.9455860099776469
149,0.9455479503782592
150,0.9455195687722979
151,0.9455681661504691
152,0.9454907071467795
153,0.9453968589701972
154,0.945357419158249
155,0.9453494605799462
156,0.9454792098113505
157,0.9453192215758699
158,0.9452049197170168
159,0.9451673593747197
160,0.9452150492380867
161,0.9454368528777253
162,0.9451459400852174
163,0.9450293606229024
164,0.9449979093380106
165,0.9449659229050013
166,0.9449328918069005
167,0.9448940977132402
168,0.9448544561074307
169,0.9448223450119629
170,0.9455389807309119
171,0.9460429951652994
172,0.9448715355619048
173,0.9447543950493603
174,0.9446959756271023
175,0.9428138735322182
176,0.9424953183870054
177,0.9444906133028822
178,0.9444860616584421
179,0.9443760893470126
180,0.9446543350042866
181,0.9443826561033045
182,0.943885234237254
183,0.9437146931286878
184,0.9439539610798692
185,0.9464720747944839
186,0.9446965959183949
187,0.943276097027703
188,0.943244215285378
189,0.9432753523226616
190,0.9434190218083941
191,0.9432629166412791
192,0.9432095596036099
193,0.9432112917008877
194,0.9435744047749642
195,0.9440733563958629
196,0.9433791483364109
197,0.9432954298547448
198,0.9433448579776323
199,0.9439309285081419
200,0.9441957042790088
201,0.9435455945560188
202,0.9435556568217954
203,0.9436438929075073
204,0.9440834111035744
205,0.9440875940196729
206,0.9438388723403274
207,0.943898807470621
208,0.9442360697077624
209,0.9463214418767188
210,0.9452788117032677
211,0.9442811285158996
212,0.9443966154870076
213,0.9439267889906511
214,0.9419071798172882
215,0.9438888432362501
216,0.9447068267646447
217,0.9447191716230706
218,0.9442663044192229
219,0.9435269954174612
220,0.944458411715126
221,0.9445717491090257
222,0.9445084624569643
223,0.9459756651654964
224,0.9466370761436685
225,0.9443861989406345
226,0.9441333323856703
227,0.9440711619037186
228,0.944021741993432
229,0.9439556057496644
230,0.9438753627692451
231,0.9438016428980615
232,0.9438296712839591
233,0.9445781031301572
234,0.9440523406933613
235,0.943505501861738
236,0.9434293504257409
237,0.9432636960661085
238,0.942850325519056
239,0.9430518565569204
240,0.9430741477338422
241,0.9429705823974814
242,0.9443854778865286
243,0.9467741326412972
244,0.9433772383775992
245,0.9427148848186354
246,0.9425847832231247
247,0.93692782059637
248,0.933710555638579
249,0.9414067556732089
250,0.9418263630618506
251,0.9430816566244833
252,0.9749785279493315
253,0.9694790981047406
254,0.9428870189081037
255,0.9424939778883183
256,0.9365584023967866
257,0.888501672158413
258,0.9072314886200962
259,0.9492856765586931
260,1.1919486274977227
261,1.0303567460722889
262,0.840547463952474
263,0.9446730218691205
264,0.9570986059666958
265,0.9348076460733603
266,0.9418666351353691
267,0.942284788033264
268,0.9408470794030328
269,0.9412102415484045
270,0.9410876672877998
271,0.9409004937725889
272,0.9407970556366597
273,0.9406130154121898
274,0.9404658018920958
275,0.94035321274602
276,0.9401291001929293
277,0.9399464447113216
278,0.9397846768955768
279,0.9395388201793186
280,0.9393402080559693
281,0.9391510885735679
282,0.9388911784067693
283,0.9386682441841756
284,0.9383943868485984
285,0.9381485712869845
286,0.9378732334181183
287,0.9373400579982468
288,0.9378332132062787
289,0.9371083532760667
290,0.9330807977210278
291,0.9441863718532628
292,0.9365981051357934
293,0.8923377074066736
294,1.0527496810517811
295,0.9236518710155814
296,0.7884654702624558
297,1.252107361778579
298,0.8615044070391746
299,0.9340573507705362
300,0.9337243395526548
301,0.933465415476715
302,0.933018559562651
303,0.9327714499462212
304,0.9323879209545985
305,0.9319668419946852
306,0.931594348730424
307,0.9312359261448583
308,0.9307797453200096
309,0.9303407361545291
310,0.9299098657133634
311,0.9294753718375429
312,0.9289720498817811
313,0.9284550506511304
314,0.9280116499405451
315,0.9274199887401899
316,0.9269493458777633
317,0.9263421636816721
318,0.9257976785282316
319,0.9252378072797024
320,0.9246282575898939
321,0.9240606873149114
322,0.9234621582756894
323,0.9229179571159742
324,0.9223630342771654
325,0.9219039936813275
326,0.9215215925474595
327,0.9213092099796384
328,0.9214050251436152
329,0.9219963629879973
330,0.9235812454944352
331,0.9272189475855424
332,0.9359716399474431
333,0.962799736446101
334,1.1210613462610397
335,0.6919644598090123
336,0.10065062904313866
337,1.012097541389366
338,0.9006023799678111
339,0.8643630853040671
340,0.8464958020663613
341,0.843284822443974
342,0.8606288266990363
343,0.9053677471297297
344,0.964678950477218
345,0.9792863187783254
346,0.9060704995897941
347,0.7944268868319684
348,0.695756918288
349,0.6198349774398964
350,0.5608224317623064
351,0.5119226538338288
352,0.4678597751068393
353,0.4244993761032303
354,0.3806940732291279
355,0.3639903033815386
356,0.33891787564629783
357,0.35439222168657025
358,0.3351418499785466
359,0.34978451148707107
360,0.3658398694671262
361,0.2767002046621168
362,0.27996604493093435
363,0.3148838106647165
364,0.3055706041194923
365,0.2829828564567544
366,0.27983027619263856
367,0.2774228465593762
368,0.27550636328189637
369,0.27996896887971545
370,0.2764945271086551
371,0.27335788866207045
372,0.2688857021570765
373,0.26510294703355564
374,0.27030463174974645
375,0.2786301706207927
376,0.27120674596214356
377,0.27613870671446017
378,0.2709557088872218
379,0.25941267631681403
380,0.25793849762218307
381,0.2778004525671998
382,0.3407684922140534
383,0.3061091476916877
384,0.2729376415988228
385,0.2615880808401011
386,0.2827704575698548
387,0.3189170734165766
388,0.3188991459380633
389,0.27777921362893276
390,0.2585869065891473
391,0.257255708590475
392,0.257506648295087
393,0.2541188374376417
394,0.2512188761374831
395,0.2487793327552485
396,0.24674853613146075
397,0.2450862480789183
398,0.18362893054050194
399,0.022555546274975403
